1 9.10758972168e-05
2 3.09944152832e-06
3 2.14576721191e-06
4 1.90734863281e-06
5 2.86102294922e-06
6 3.09944152832e-06
7 3.09944152832e-06
8 4.05311584473e-06
9 4.05311584473e-06
10 5.00679016113e-06
11 7.86781311035e-06
12 5.96046447754e-06
13 6.91413879395e-06
14 6.91413879395e-06
15 6.91413879395e-06
16 5.96046447754e-06
17 1.09672546387e-05
18 1.21593475342e-05
19 1.19209289551e-05
20 7.86781311035e-06
21 1.38282775879e-05
22 1.12056732178e-05
23 1.59740447998e-05
24 1.59740447998e-05
25 2.40802764893e-05
26 1.59740447998e-05
27 2.00271606445e-05
28 1.62124633789e-05
29 2.59876251221e-05
30 2.19345092773e-05
31 2.31266021729e-05
32 3.00407409668e-05
33 2.40802764893e-05
34 2.59876251221e-05
35 3.09944152832e-05
36 2.90870666504e-05
37 3.21865081787e-05
38 2.8133392334e-05
39 2.78949737549e-05
40 3.19480895996e-05
41 3.12328338623e-05
42 3.19480895996e-05
43 3.2901763916e-05
44 3.40938568115e-05
45 4.50611114502e-05
46 3.60012054443e-05
47 3.69548797607e-05
48 3.50475311279e-05
49 3.91006469727e-05
50 4.00543212891e-05
51 3.91006469727e-05
52 4.10079956055e-05
53 4.00543212891e-05
54 3.91006469727e-05
55 3.91006469727e-05
56 4.19616699219e-05
57 4.29153442383e-05
58 4.29153442383e-05
59 4.19616699219e-05
60 4.29153442383e-05
61 4.38690185547e-05
62 4.98294830322e-05
63 4.60147857666e-05
64 5.00679016113e-05
65 4.91142272949e-05
66 5.19752502441e-05
67 5.60283660889e-05
68 2.90870666504e-05
69 2.8133392334e-05
70 3.00407409668e-05
71 2.90870666504e-05
72 2.90870666504e-05
73 3.00407409668e-05
74 3.09944152832e-05
75 3.09944152832e-05
76 3.09944152832e-05
77 3.19480895996e-05
78 4.00543212891e-05
79 3.19480895996e-05
80 3.19480895996e-05
81 3.31401824951e-05
82 3.2901763916e-05
83 3.2901763916e-05
84 3.60012054443e-05
85 3.38554382324e-05
86 3.71932983398e-05
87 3.50475311279e-05
88 3.60012054443e-05
89 3.69548797607e-05
90 3.79085540771e-05
91 4.00543212891e-05
92 3.81469726562e-05
93 4.19616699219e-05
94 4.00543212891e-05
95 4.41074371338e-05
96 3.91006469727e-05
97 3.91006469727e-05
98 4.31537628174e-05
99 4.10079956055e-05
