1 0.0
2 0.0
3 0.0
4 0.0
5 0.0
6 0.0
7 0.0
8 0.0
9 0.0
10 0.0
11 0.0
12 0.0
13 0.0
14 0.0
15 0.0
16 0.0
17 0.0
18 0.0
19 0.0160000324249
20 0.0150001049042
21 0.0160000324249
22 0.0379998683929
23 0.0620000362396
24 0.100000143051
25 0.15399980545
26 0.264000177383
27 0.416999816895
28 0.685000181198
29 1.09799981117
30 1.82000017166
31 2.87099981308
32 6.1320002079
33 8.97299981117
34 15.0610001087
35 23.6419999599
36 38.4260001183
37 61.4689998627
38 97.9480001926
39 159.575999975
40 255.651000023
41 423.343999863
42 691.733999968
